course_A
	201000001
	201000002
	201000003
	201000004
	201000005

course_B
	201000006
	201000007
	201000008

	201100001
	201100002
	201100003
	201100004
	201100005
	201100006
	201100007
	201100008
	201100009
	201100010
	201100011
	201100012
	201100013
	201100014
	201100015

course_C
	201000006
	201000007
	201000008

	201200001
	201200002
	201200003
	201200004
	201200005
	201200006
	201200007
	201200008
	201200009
	201200010
	201200011
	201200012
	201200013
	201200014
	201200015

course_D
	201000006
	201000007
	201000008

course_E
	201000006
	201000007
	201000008
	201000019
	201000098

	201300001
	201300002
	201300003
	201300004
	201300005
	201300006
	201300007
	201300008
	201300009
	201300010
	201300011
	201300012
	201300013
	201300014
	201300015

course_F
	201000086
	201000087
	201000088
	201000009
	201000010
	201000011
	201000012
	201000013
	201000014
	201000015
	201000016

course_G
	201000016
	201000017

course_H
	201000098
	201000017
	201000018
	201000019

	201400001
	201400002
	201400003
	201400004
	201400005
	201400006
	201400007
	201400008
	201400009
	201400010
	201400011
	201400012
	201400013
	201400014
	201400015

course_I
	201000017
	201000018
	201000040

	201500001
	201500002
	201500003
	201500004
	201500005
	201500006
	201500007
	201500008
	201500009
	201500010
	201500011
	201500012
	201500013
	201500014
	201500015

course_J
	201000019
	201000020
	201000042
	201000051
	201000052
	201000053
	201000054
	201000055
	201000056
	201000057
	201000058
	201000059
	201000060
	201000061
	201000062
	201000063
	201000064
	201000065
	201000066
	201000067
	201000068
	201000069
	201000070
	201000071
	201000072
	201000073
	201000074

course_K
	201000020
	201000021
	201000022
	201000023	
	201000024
	201000025
	201000026
	201000027
	201000028
	201000029
	201000030
	201000031
	201000032
	201000033
	201000034

course_L
	201000024
	201000025
	201000026
	201000027
	201000031
	201000032

course_M
	201000040
	201000041

course_N
	201000041
	201000042
	201000043

course_O
	201000043
